nk1 = 256
nk2 = 256
  
Tprop = 2067d0 !46d0/0.0241890d0
dt = 0.1d0

E0 = 1d-2
omega0 = 0.11d0 !0.95d0/27.2114d0 ev to au
Tpulse0 = 1653.6d0 !20d0/0.0241890d0 fs to au
